0.000000000000000000e+00
1.000000000000000000e+00
2.000000000000000000e+00
3.000000000000000000e+00
4.000000000000000000e+00
5.000000000000000000e+00
6.000000000000000000e+00
7.000000000000000000e+00
8.000000000000000000e+00
1.100000000000000000e+01
2.000000000000000000e+01
3.000000000000000000e+01
3.100000000000000000e+01
8.600000000000000000e+01
1.890000000000000000e+02
2.810000000000000000e+02
3.850000000000000000e+02
4.050000000000000000e+02
4.004000000000000000e+03
4.773000000000000000e+03
